File: unknwon Simulation (1) - h
segmentPoints: [
68, 919, 67, 544.736, 72, 544.736, 317, 544.736, 67, 544.736, 68, 277, 317, 277, 317, 544.736, 448, 544.736, 317, 544.736, 317, 114, 69, 110, 71, 274, 67, -68, 448, -64, 448, 203, 649, 203, 645, -69, 448, -66, 1361, -69, 1361, 356, 1008, 360, 731, 356, 439, 358, 439, 788, 731, 795, 731, 357, 1010, 357, 1008, 788, 1156.4080000000001, 788, 1361, 792, 1361, 358, 1361, 795, 731, 792, 443, 792, 69, 788, 443, 788, 439, 792, 436, 919
]
pointOrder: [
0, 1, 1, 2, 2, 3, 3, 4, 4, 5, 5, 6, 6, 7, 7, 8, 8, 9, 9, 10, 10, 11, 11, 12, 12, 13, 13, 14, 14, 15, 15, 16, 16, 17, 17, 18, 18, 19, 19, 20, 20, 21, 21, 22, 22, 23, 23, 24, 24, 25, 25, 26, 26, 27, 27, 28, 28, 29, 29, 30, 30, 31, 31, 32, 32, 33, 33, 34, 34, 35, 35, 36, 36, 37, 37, 38, 38, 0
]

File: unknwon Simulation(1) - Lotta
segmentPoints: [
614, 512, 610, 711, 616, 907, 455, 909, 458, 706, 611, 712, 329, 710, 195, 706, 195, 905, 451, 907, 326, 909, 330, 712, 328, 914, 194, 906, 200, 965, 28, 965, 5, 966, 30, 965, 29, 902, 9, 902, 194, 904, 30, 904, 31, 675, 6, 675, 138, 675, 141, 794, 140, 641, 138, 674, 29, 675, 29, 601, 3, 599, 139, 599, 29, 602, 26, 520, 4, 516, 131, 517, 136, 482, 133, 521, 199, 516, 199, 485, 198, 516, 298, 514, 290, 639, 200, 641, 290, 635, 298, 517, 428, 520, 425, 476, 429, 519, 494, 512, 495, 481, 495, 512
]
pointOrder: [
0, 1, 1, 2, 2, 3, 3, 4, 4, 5, 5, 6, 6, 7, 7, 8, 8, 9, 9, 10, 10, 11, 11, 12, 12, 13, 13, 14, 14, 15, 15, 16, 16, 17, 17, 18, 18, 19, 19, 20, 20, 21, 21, 22, 22, 23, 23, 24, 24, 25, 25, 26, 26, 27, 27, 28, 28, 29, 29, 30, 30, 31, 31, 32, 32, 33, 33, 34, 34, 35, 35, 36, 36, 37, 37, 38, 38, 39, 39, 40, 40, 41, 41, 42, 42, 43, 43, 44, 44, 45, 45, 46, 46, 47, 47, 48, 48, 49, 49, 50, 50, 51, 51, 0
]

File: unknwon Simulation (1) - Jeanne Mauer.json
segmentPoints: [
6, 959, 246, 961, 241, 887, 751, 887, 751, 408, 506, 410, 504, 374, 163, 375, 164, 419, 7, 419, 393, 885, 239, 885, 241, 648, 393, 648, 735, 649, 738, 880, 394, 878, 392, 654, 400, 655, 546, 873, 546, 654, 554, 654, 244, 568, 356, 567, 353, 424, 240, 424, 168, 750, 168, 565, 176, 565, 228, 887, 10, 887, 10, 876, 172, 516, 14, 516, 13, 512
]
pointOrder: [
0, 1, 1, 2, 2, 3, 3, 4, 4, 5, 5, 6, 6, 7, 7, 8, 8, 9, 9, 0, 10, 11, 11, 12, 12, 13, 13, 14, 14, 15, 15, 10, 16, 17, 17, 18, 18, 16, 19, 20, 20, 21, 21, 19, 22, 23, 23, 24, 24, 25, 25, 22, 26, 27, 27, 28, 28, 26, 29, 30, 30, 31, 31, 29, 32, 33, 33, 34, 34, 32
]

File: 01 - Daniel.json
segmentPoints: [

]
pointOrder: [

]

File: unknwon Simulation(1) - Simon Burkart.json
segmentPoints: [
949, 250, 945, 554, 506, 550, 308, 545, 506, 550, 509, 860, 704, 854, 955, 857, 945, 559, 701, 554, 703, 847, 703, 859, 306, 852, 306, 679, 309, 546, 308, 940, 48, 940, 6, 941, 48, 940, 53, 847, 303, 852, 8, 847, 49, 847, 44, 496, 44, 256, 48, 379, 48, 496, 219, 497, 218, 679, 295, 679, 220, 679, 218, 381, 129, 386, 59, 377, 130, 375, 128, 255, 45, 256, 211, 255, 211, 202, 215, 256, 306, 252, 306, 202, 315, 260, 314, 447, 450, 442, 450, 257, 316, 261
]
pointOrder: [
0, 1, 1, 2, 2, 3, 3, 4, 4, 5, 5, 6, 6, 7, 7, 8, 8, 9, 9, 10, 10, 11, 11, 12, 12, 13, 13, 14, 14, 15, 15, 16, 16, 17, 17, 18, 18, 19, 19, 20, 20, 21, 21, 22, 22, 23, 23, 24, 24, 25, 25, 26, 26, 27, 27, 28, 28, 29, 29, 30, 30, 31, 31, 32, 32, 33, 33, 34, 34, 35, 35, 36, 36, 37, 37, 38, 38, 39, 39, 40, 40, 41, 41, 42, 42, 43, 43, 44, 44, 45, 45, 46, 46, 0
]

File: unknwon Simulation (1) - Joshua Knapp.json
segmentPoints: [
35, 956, 234, 956, 233, 890, 230, 760, 232, 890, 386, 890, 382, 658, 231, 659, 230, 763, 234, 894, 532, 890, 532, 659, 383, 659, 720, 659, 718, 890, 534, 892, 720, 891, 720, 428, 339, 438, 339, 576, 236, 577, 233, 435, 345, 434, 31, 437, 32, 534, 167, 533, 166, 755, 166, 622, 34, 620, 32, 530
]
pointOrder: [
0, 1, 1, 2, 2, 3, 3, 4, 4, 5, 5, 6, 6, 7, 7, 8, 8, 9, 9, 10, 10, 11, 11, 12, 12, 13, 13, 14, 14, 15, 15, 16, 16, 17, 17, 18, 18, 19, 19, 20, 20, 21, 21, 22, 22, 23, 23, 24, 24, 25, 25, 26, 26, 27, 27, 28, 28, 29, 29, 0
]

File: unknwon Simulation (1) - Aaron Pfeiffer.json
segmentPoints: [
659, 476, 663, 686, 210, 684, 664, 685, 664, 899, 491, 901, 490, 689, 490, 903, 351, 901, 352, 688, 351, 904, 214, 903, 212, 684, 212, 960, 29, 964, 32, 648, 152, 649, 150, 781, 152, 568, 30, 569, 33, 650, 33, 482, 215, 480, 316, 482, 314, 613, 220, 612, 213, 477
]
pointOrder: [
0, 1, 1, 2, 2, 3, 3, 4, 4, 5, 5, 6, 6, 7, 7, 8, 8, 9, 9, 10, 10, 11, 11, 12, 12, 13, 13, 14, 14, 15, 15, 16, 16, 17, 17, 18, 18, 19, 19, 20, 20, 21, 21, 22, 22, 23, 23, 24, 24, 25, 25, 26, 26, 0
]

File: unknwon Simulation-2.json
segmentPoints: [
1146, 86, 1146, 461, 1143, 831, 839, 824, 841, 461, 713, 461, 610, 462, 605, 829, 843, 826, 366, 825, 369, 457, 613, 462, 368, 457, 368, 617, 368, 935, 54, 934, 56, 819, 368, 824, 54, 819, 56, 396, 264, 395, 263, 617, 370, 617, 264, 619, 263, 257, 53, 251, 55, 400, 51, 111, 544, 106, 371, 334, 541, 336, 541, 337, 544, 334, 544, 109
]
pointOrder: [
0, 1, 1, 2, 2, 3, 3, 4, 4, 5, 5, 6, 6, 7, 7, 8, 8, 9, 9, 10, 10, 11, 11, 12, 12, 13, 13, 14, 14, 15, 15, 16, 16, 17, 17, 18, 18, 19, 19, 20, 20, 21, 21, 22, 22, 23, 23, 24, 24, 25, 25, 26, 26, 27, 27, 28, 28, 29, 29, 30, 30, 31, 31, 32, 32, 33, 33, 0
]

File: unknwon Simulation (1) - Florian Ehmann.json
segmentPoints: [
23, 753.75, 23, 971, 148, 972, 447.5, 927.5, 447.5, 639.75, 23, 652.75, 144, 929, 146, 859, 184, 929, 146, 789, 239, 790, 239, 930, 335, 927.5, 335, 787, 281, 790, 376, 785, 425, 790, 378, 786, 425, 794, 426, 791, 426, 787, 38, 764, 104, 762, 104, 851, 104, 740, 126, 736, 35, 760, 35, 710, 95, 709, 59, 675, 60, 659, 59, 676, 60, 659, 150, 740, 170, 739, 151, 742, 194, 740, 214, 739, 213, 666
]
pointOrder: [
0, 1, 1, 2, 2, 3, 3, 4, 4, 5, 5, 0, 6, 7, 7, 8, 8, 6, 9, 10, 10, 11, 11, 9, 12, 13, 13, 14, 14, 12, 15, 16, 16, 17, 17, 18, 18, 19, 19, 20, 20, 15, 21, 22, 22, 23, 23, 24, 24, 25, 25, 21, 26, 27, 27, 28, 28, 26, 29, 30, 30, 31, 31, 32, 32, 29, 33, 34, 34, 35, 35, 33, 36, 37, 37, 38, 38, 36
]

File: unknwon Simulation (43) - Manuel Burkart.json
segmentPoints: [
33, 457, 330, 452, 330, 597, 233, 593, 330, 597, 333, 452, 691, 453, 689, 668, 370, 674, 225, 668, 222, 893, 699, 887, 695, 667, 513, 671, 514, 891, 372, 890, 371, 679, 226, 670, 221, 897, 225, 960, 33, 959, 32, 894, 220, 893, 30, 891, 32, 633, 163, 630, 161, 764, 161, 597, 160, 548, 34, 547, 34, 629
]
pointOrder: [
0, 1, 1, 2, 2, 3, 3, 4, 4, 5, 5, 6, 6, 7, 7, 8, 8, 9, 9, 10, 10, 11, 11, 12, 12, 13, 13, 14, 14, 15, 15, 16, 16, 17, 17, 18, 18, 19, 19, 20, 20, 21, 21, 22, 22, 23, 23, 24, 24, 25, 25, 26, 26, 27, 27, 28, 28, 29, 29, 30, 30, 0
]

File: 01 - Kirsten Frank.json
segmentPoints: [
28, 424, 739, 414, 735, 887, 233, 884, 234, 955, 40, 954, 38, 892
]
pointOrder: [
0, 1, 1, 2, 2, 3, 3, 4, 4, 5, 5, 6, 6, 0
]

