Eingabedaten.txt

#03
goldline_data = {"segmentPoints": [
1078, -535, 1086, -274, 845, -274, 793, -112, 1329, -643, 305, -643, 458, 793, 305, 410, 994, 793, 1329, 410, 577, -26, 793, 410, 1329, -277, 577, -426, 458, 410, 994, 410, 577, -643, 1078, -643, 305, -26, 577, -112, 1240, -277, 305, -426
],
"pointOrder": [
0, 17, 17, 4, 4, 12, 12, 20, 20, 12, 12, 9, 9, 15, 15, 8, 8, 6, 6, 14, 14, 11, 11, 14, 14, 7, 7, 18, 18, 21, 21, 5, 5, 16, 16, 17, 17, 16, 16, 13, 13, 19, 19, 13, 13, 16, 16, 17, 17, 16, 16, 5, 5, 21, 21, 13, 13, 21, 21, 13, 13, 21, 21, 5, 5, 16, 16, 17, 17, 16, 16, 13, 13, 19, 19, 13, 13, 16, 16, 17, 17, 16, 16, 5, 5, 21, 21, 18, 18, 10, 10, 19, 19, 3, 3, 11, 11, 15, 15, 11, 11, 3, 3, 19, 19, 10, 10, 18, 18, 21, 21, 5, 5, 16, 16, 17, 17, 16, 16, 13, 13, 19, 19, 13, 13, 16, 16, 17, 17, 16, 16, 5, 5, 21, 21, 13, 13, 21, 21, 13, 13, 21, 21, 5, 5, 16, 16, 17, 17, 16, 16, 13, 13, 19, 19, 13, 13, 16, 16, 17, 17, 16, 16, 5, 5, 21, 21, 18, 18, 7, 7, 14, 14, 11, 11, 14, 14, 6, 6, 8, 8, 15, 15, 9, 9, 12, 12, 20, 20, 12, 12, 4, 4, 17, 17, 0, 2, 1, 1, 2
]
}

user_data_list = [
{"segmentPoints": [
326, 597, 329, 862, 242, 860, 243, 948, 114, 950, 114, 862, 241, 862, 194, 865, 74, 866, 73, 751, 143, 750, 142, 727, 193, 729, 193, 867, 73, 868, 72, 594, 141, 596, 140, 749, 73, 750, 71, 597
],
"pointOrder": [
0, 1, 1, 2, 2, 3, 3, 4, 4, 5, 5, 6, 6, 7, 7, 8, 8, 9, 9, 10, 10, 11, 11, 12, 12, 13, 13, 14, 14, 15, 15, 16, 16, 17, 17, 18, 18, 19, 19, 0
]
},
{"segmentPoints": [
1078, -335, 1080, 527, 805, 526, 809, 829, 370, 831, 369, 527, 806, 527, 250, 530, 245, 175, 475, 167, 463, -329, 245, -324, 244, 177, 245, -323, 689, -31, 880, -33, 690, -30
],
"pointOrder": [
0, 1, 1, 2, 2, 3, 3, 4, 4, 5, 5, 6, 6, 7, 7, 8, 8, 9, 9, 10, 10, 11, 11, 12, 12, 13, 13, 0, 14, 15, 15, 16, 16, 14
]
},
{"segmentPoints": [
160, 932, 346, 930, 343, 804, 104, 805, 98, 435, 453, 436, 460, 810, 150, 815, 115, 655, 200, 651, 198, 457, 115, 457, 273, 787, 269, 620, 203, 622, 203, 652, 111, 660, 115, 792
],
"pointOrder": [
0, 1, 1, 2, 2, 3, 3, 4, 4, 5, 5, 6, 6, 7, 7, 0, 8, 9, 9, 10, 10, 11, 11, 8, 12, 13, 13, 14, 14, 15, 15, 16, 16, 17, 17, 12
]
},
{"segmentPoints": [
54, 904, 224, 901, 224, 732, 54, 731, 62, 831, 97, 831, 130, 818, 132, 897, 130, 819, 97, 818, 94, 796, 95, 737, 94, 797, 59, 765, 74, 765, 58, 766
],
"pointOrder": [
0, 1, 1, 2, 2, 3, 3, 0, 4, 5, 5, 6, 6, 7, 7, 8, 8, 9, 9, 4, 10, 11, 11, 12, 12, 10, 13, 14, 14, 15, 15, 13
]
},
{"segmentPoints": [
145, 707, 233, 704, 232, 896, 501, 894, 501, 703, 234, 702, 668, 700, 668, 499, 667, 170, 283, 174, 290, 195, 290, 288, 290, 309.59199999999987, 293, 443, 397, 445, 399, 700, 397, 443, 294, 442, 293, 483, 172, 484, 167, 288, 287, 288, 287, 193, 171, 195, 167, 288, 170, 196, 290, 196, 286, 170, 145, 170
],
"pointOrder": [
0, 1, 1, 2, 2, 3, 3, 4, 4, 5, 5, 6, 6, 7, 7, 8, 8, 9, 9, 10, 10, 11, 11, 12, 12, 13, 13, 14, 14, 15, 15, 16, 16, 17, 17, 18, 18, 19, 19, 20, 20, 21, 21, 22, 22, 23, 23, 24, 24, 25, 25, 26, 26, 27, 27, 28, 28, 0
]
},
{"segmentPoints": [
79, 847, 370, 845, 365, 542, 77, 542, 90, 723, 161, 721, 161, 699, 215, 698, 215, 830, 223, 830, 220, 694, 157, 693, 156, 717, 153, 560, 155, 691, 162, 691
],
"pointOrder": [
0, 1, 1, 2, 2, 3, 3, 0, 4, 5, 5, 6, 6, 7, 7, 8, 8, 9, 9, 10, 10, 11, 11, 12, 12, 4, 13, 14, 14, 15, 15, 13
]
},
{"segmentPoints": [
80, 843, 121, 842, 122, 947, 267, 946, 267, 845, 124, 843, 212, 845, 356, 842, 355, 561, 76, 562, 80, 842, 80, 730, 155, 730, 156, 707, 152, 566, 156, 706, 211, 704, 212, 846, 227, 662, 286, 662, 225, 662, 288, 662
],
"pointOrder": [
0, 1, 1, 2, 2, 3, 3, 4, 4, 5, 5, 6, 6, 7, 7, 8, 8, 9, 9, 10, 10, 11, 11, 12, 12, 13, 13, 14, 14, 15, 15, 16, 16, 17, 17, 0, 18, 19, 19, 20, 20, 21, 21, 18
]
},
{"segmentPoints": [
126, 770, 533, 764, 533, 339, 116, 344
],
"pointOrder": [
0, 1, 1, 2, 2, 3, 3, 0
]
},
{"segmentPoints": [
299, 627, 299, 627, 304, 870, 303, 872, 226, 868, 227, 951, 104, 954, 101, 870, 222, 869, 70, 872, 66, 772, 131, 769, 132, 746, 180, 750, 178, 869, 72, 870, 66, 678, 99, 680, 68, 677, 66, 630, 131, 628, 132, 743, 130, 630, 243, 630, 245, 588, 249, 628, 195, 713, 246, 712, 246, 692, 245, 711
],
"pointOrder": [
0, 1, 1, 2, 2, 3, 3, 4, 4, 5, 5, 6, 6, 7, 7, 8, 8, 9, 9, 10, 10, 11, 11, 12, 12, 13, 13, 14, 14, 15, 15, 16, 16, 17, 17, 18, 18, 19, 19, 20, 20, 21, 21, 22, 22, 23, 23, 24, 24, 25, 25, 0, 26, 27, 27, 28, 28, 29, 29, 26
]
},
{"segmentPoints": [
75, 581, 150, 580, 150, 712, 150, 580, 341, 580, 342, 850, 254, 847, 257, 953, 118, 950, 115, 853, 253, 848, 78, 851, 78, 740, 150, 738, 150, 712, 203, 716, 204, 849, 79, 850, 217, 675, 278, 674, 218, 673
],
"pointOrder": [
0, 1, 1, 2, 2, 3, 3, 4, 4, 5, 5, 6, 6, 7, 7, 8, 8, 9, 9, 10, 10, 11, 11, 12, 12, 13, 13, 14, 14, 15, 15, 16, 16, 17, 17, 0, 18, 19, 19, 20, 20, 18
]
},
{"segmentPoints": [
464, 420, 466, 792, 353, 794, 350, 924, 164, 927, 163, 796, 353, 792, 278, 792, 278, 614, 205, 607, 205, 639, 105, 642, 108, 797, 160, 796, 104, 796, 101, 422, 199, 425, 204, 606, 201, 424, 298, 552, 379, 552, 296, 551
],
"pointOrder": [
0, 1, 1, 2, 2, 3, 3, 4, 4, 5, 5, 6, 6, 7, 7, 8, 8, 9, 9, 10, 10, 11, 11, 12, 12, 13, 13, 14, 14, 15, 15, 16, 16, 17, 17, 18, 18, 0, 19, 20, 20, 21, 21, 19
]
}
]

#02


goldline_data = {"segmentPoints": [
    42, 706, 189, 706, 42, 706, 42, 573, 189, 573, 189, 706, 189, 947, 405, 947, 405, 757, 529, 757, 529, 573, 308, 573, 189, 573, 308, 573, 308, 692, 348, 692, 308, 692, 267, 692, 308, 692, 348, 692, 308, 692, 308, 573, 189, 573, 308, 573, 529, 573, 529, 757, 405, 757, 405, 947, 405, 757, 529, 757, 529, 573, 308, 573, 189, 573, 308, 573, 308, 692, 308, 573, 189, 573, 308, 573, 529, 573, 529, 757, 529, 947, 405, 947, 189, 947, 42, 947
    ],
    "pointOrder": [
    0, 1, 1, 2, 2, 3, 3, 4, 4, 5, 5, 6, 6, 7, 7, 8, 8, 9, 9, 10, 10, 11, 11, 12, 12, 13, 13, 14, 14, 15, 15, 16, 16, 17, 17, 18, 18, 19, 19, 20, 20, 21, 21, 22, 22, 23, 23, 24, 24, 25, 25, 26, 26, 27, 27, 28, 28, 29, 29, 30, 30, 31, 31, 32, 32, 33, 33, 34, 34, 35, 35, 36, 36, 37, 37, 38, 38, 39, 39, 40, 40, 41, 41, 42, 42, 43, 43, 0
    ]
    }
    
    
    user_data_list = [
    {"segmentPoints": [
    580, 545, 581, 737, 441, 737, 446, 952, 44, 952, 44, 680, 211, 679, 206, 719, 204, 675, 44, 682, 48, 537, 204, 534, 208, 719, 204, 542, 335, 535, 338, 665, 294, 664, 380, 665, 340, 665, 336, 537
    ],
    "pointOrder": [
    0, 1, 1, 2, 2, 3, 3, 4, 4, 5, 5, 6, 6, 7, 7, 8, 8, 9, 9, 10, 10, 11, 11, 12, 12, 13, 13, 14, 14, 15, 15, 16, 16, 17, 17, 18, 18, 19, 19, 0
    ]
    },
    {"segmentPoints": [
    1215, 21, 1210, 452, 930, 445, 933, 902, 1236, 897, 91, 883, 97, 327, 430, 325, 434, 411, 432, 329, 98, 327, 95, 35, 440, 21, 434, 329, 440, 24, 704, 24, 704, 296, 615, 295, 796, 295, 704, 295, 704, 21, 435, 736, 435, 526, 437, 743, 435, 738, 435, 745, 435, 531
    ],
    "pointOrder": [
    0, 1, 1, 2, 2, 3, 3, 4, 4, 5, 5, 6, 6, 7, 7, 8, 8, 9, 9, 10, 10, 11, 11, 12, 12, 13, 13, 14, 14, 15, 15, 16, 16, 17, 17, 18, 18, 19, 19, 20, 20, 0, 21, 22, 22, 23, 23, 21, 24, 25, 25, 26, 26, 24
    ]
    },
    {"segmentPoints": [
    60, 930, 63, 351, 808, 361, 816, 646, 610, 652, 616, 941, 76, 555, 70, 365, 296, 370, 291, 557, 288, 820, 289, 695, 286, 700
    ],
    "pointOrder": [
    0, 1, 1, 2, 2, 3, 3, 4, 4, 5, 5, 0, 6, 7, 7, 8, 8, 9, 9, 6, 10, 11, 11, 12, 12, 10
    ]
    },
    {"segmentPoints": [
    33, 954, 34, 691, 394, 686, 396, 964, 138, 914, 138, 849, 138, 917, 49, 786, 140, 782, 140, 810, 140, 762, 141, 784, 135, 716, 136, 699, 136, 716, 201, 776, 254, 774, 225.25000000000003, 699, 225, 706, 225, 772, 206, 704, 299, 821, 382.7500000000001, 821, 294, 949
    ],
    "pointOrder": [
    0, 1, 1, 2, 2, 3, 3, 0, 4, 5, 5, 6, 6, 4, 7, 8, 8, 9, 9, 10, 10, 11, 11, 7, 12, 13, 13, 14, 14, 12, 15, 16, 16, 17, 17, 15, 18, 19, 19, 20, 20, 18, 21, 22, 22, 23, 23, 21
    ]
    },
    {"segmentPoints": [
    87, 900, 88, 55, 421, 54, 1196, 46, 1198, 452, 1200, 903, 891, 903, 87, 900, 87, 900, 893, 900, 898, 457, 1197, 454, 1196, 51, 687, 51, 689, 310, 422, 312, 422, 345, 87, 343, 424, 343, 420, 58, 88, 57
    ],
    "pointOrder": [
    0, 1, 1, 2, 2, 3, 3, 4, 4, 5, 5, 6, 6, 7, 7, 8, 8, 9, 9, 10, 10, 11, 11, 12, 12, 13, 13, 14, 14, 15, 15, 16, 16, 17, 17, 18, 18, 19, 19, 20, 20, 0
    ]
    },
    {"segmentPoints": [
    45, 953, 662, 950, 662, 478, 45, 475, 227, 859, 227, 746, 236, 746, 505.3140630412853, 720, 505.3140630412853, 950, 484, 950, 484, 688, 630, 687, 635, 672, 656, 671, 656, 673, 655, 720, 60, 647, 226, 646, 226, 690, 238, 690, 236, 488, 221, 488, 219, 636, 327, 630, 428, 629, 430, 617, 382, 618, 385, 488, 365, 491, 369, 618
    ],
    "pointOrder": [
    0, 1, 1, 2, 2, 3, 3, 0, 4, 5, 5, 6, 6, 4, 7, 8, 8, 9, 9, 10, 10, 11, 11, 12, 12, 13, 13, 14, 14, 15, 15, 7, 16, 17, 17, 18, 18, 19, 19, 20, 20, 21, 21, 22, 22, 16, 23, 24, 24, 25, 25, 26, 26, 27, 27, 28, 28, 29, 29, 23
    ]
    },
    {"segmentPoints": [
    49, 943, 47, 653, 226, 648, 225, 697, 225, 491, 47, 498, 47, 649, 48, 499, 368, 497, 364, 635, 322, 635, 407, 637, 365, 637, 369, 493, 633, 495, 632, 711, 636, 947, 482, 947, 478, 712, 631, 712, 477, 712, 480, 947, 224, 861, 224, 754, 225, 755
    ],
    "pointOrder": [
    0, 1, 1, 2, 2, 3, 3, 4, 4, 5, 5, 6, 6, 7, 7, 8, 8, 9, 9, 10, 10, 11, 11, 12, 12, 13, 13, 14, 14, 15, 15, 16, 16, 17, 17, 18, 18, 19, 19, 20, 20, 21, 21, 0, 22, 23, 23, 24, 24, 22
    ]
    },
    {"segmentPoints": [
    53, 934, 53, 494, 643, 487, 635, 709, 491, 706, 490, 939
    ],
    "pointOrder": [
    0, 1, 1, 2, 2, 3, 3, 4, 4, 5, 5, 0
    ]
    },
    {"segmentPoints": [
    539, 569, 534, 752, 413, 752, 408, 946, 540, 946, 544, 746, 411, 750, 405, 951, 49, 951, 43, 704, 194, 702, 188, 742, 194, 700, 41, 705, 40, 566, 194, 567, 191, 699, 193, 570, 313, 570, 309, 689, 274, 689, 348, 690, 310, 691, 313, 569, 189, 882, 189, 791, 194, 884
    ],
    "pointOrder": [
    0, 1, 1, 2, 2, 3, 3, 4, 4, 5, 5, 6, 6, 7, 7, 8, 8, 9, 9, 10, 10, 11, 11, 12, 12, 13, 13, 14, 14, 15, 15, 16, 16, 17, 17, 18, 18, 19, 19, 20, 20, 21, 21, 22, 22, 23, 23, 0, 24, 25, 25, 26, 26, 24
    ]
    },
    {"segmentPoints": [
    49, 517, 349, 517, 349, 645.4000000000001, 298.7, 645.4000000000001, 349, 645.4000000000001, 393.6, 645.4000000000001, 349, 645.4000000000001, 349, 517, 610, 511, 610, 726, 614, 950, 461, 947, 465, 726, 603, 726, 466, 727, 464, 944, 53, 942, 51, 665, 213, 664, 215, 705, 215, 627, 214, 663, 56, 664, 215, 864, 214, 763, 222, 864
    ],
    "pointOrder": [
    0, 1, 1, 2, 2, 3, 3, 4, 4, 5, 5, 6, 6, 7, 7, 8, 8, 9, 9, 10, 10, 11, 11, 12, 12, 13, 13, 14, 14, 15, 15, 16, 16, 17, 17, 18, 18, 19, 19, 20, 20, 21, 21, 22, 22, 0, 23, 24, 24, 25, 25, 23
    ]
    },
    {"segmentPoints": [
    63, 330, 480, 330, 833, 332, 835, 627, 839, 929, 629, 927, 628, 621, 825, 624, 624, 620, 628, 927, 74, 921, 69, 545, 293, 537, 296, 595, 294, 492, 295, 349, 295, 334, 480, 336, 480, 521.5, 425, 521, 540, 517, 484, 515, 484, 329, 299, 331, 296, 542, 68, 542, 293, 815, 293, 677, 294, 820
    ],
    "pointOrder": [
    0, 1, 1, 2, 2, 3, 3, 4, 4, 5, 5, 6, 6, 7, 7, 8, 8, 9, 9, 10, 10, 11, 11, 12, 12, 13, 13, 14, 14, 15, 15, 16, 16, 17, 17, 18, 18, 19, 19, 20, 20, 21, 21, 22, 22, 23, 23, 24, 24, 25, 25, 0, 26, 27, 27, 28, 28, 26
    ]
    }
    ]

#01

goldline_data = {"segmentPoints": [
    195, 650, 138, 611, 597, 531, 193, 716, 30, 531, 30, 965, 138, 798, 193, 965, 597, 905, 284, 650, 318, 905, 440, 905, 77, 611, 193, 798, 597, 716, 138, 683, 318, 716, 440, 716, 77, 531, 284, 531, 30, 905, 30, 683, 30, 611, 193, 905
    ],
    "pointOrder": [
    0, 9, 9, 19, 19, 18, 18, 19, 19, 2, 2, 14, 14, 17, 17, 16, 16, 17, 17, 11, 11, 17, 17, 16, 16, 17, 17, 14, 14, 8, 8, 11, 11, 10, 10, 23, 23, 7, 7, 5, 5, 20, 20, 21, 21, 15, 15, 21, 21, 22, 22, 21, 21, 15, 15, 21, 21, 20, 20, 23, 23, 13, 13, 23, 23, 20, 20, 21, 21, 15, 15, 21, 21, 22, 22, 21, 21, 15, 15, 21, 21, 20, 20, 5, 5, 7, 7, 23, 23, 10, 10, 16, 16, 3, 3, 13, 13, 6, 6, 15, 15, 1, 1, 12, 12, 18, 18, 4, 4, 22, 22, 12, 12, 22, 22, 4, 4, 18, 18, 12, 12, 1, 1, 15, 15, 6, 6, 13, 13, 3, 3, 16, 16, 10, 10, 23, 23, 7, 7, 5, 5, 20, 20, 21, 21, 15, 15, 21, 21, 22, 22, 21, 21, 15, 15, 21, 21, 20, 20, 23, 23, 13, 13, 23, 23, 20, 20, 21, 21, 15, 15, 21, 21, 22, 22, 21, 21, 15, 15, 21, 21, 20, 20, 5, 5, 7, 7, 23, 23, 10, 10, 11, 11, 8, 8, 14, 14, 17, 17, 16, 16, 17, 17, 11, 11, 17, 17, 16, 16, 17, 17, 14, 14, 2, 2, 19, 19, 18, 18, 19, 19, 9, 9, 0
    ]
    }
    
    
    user_data_list = [
    {"segmentPoints": [
    659, 476, 663, 686, 210, 684, 664, 685, 664, 899, 491, 901, 490, 689, 490, 903, 351, 901, 352, 688, 351, 904, 214, 903, 212, 684, 212, 960, 29, 964, 32, 648, 152, 649, 150, 781, 152, 568, 30, 569, 33, 650, 33, 482, 215, 480, 316, 482, 314, 613, 220, 612, 213, 477
    ],
    "pointOrder": [
    0, 1, 1, 2, 2, 3, 3, 4, 4, 5, 5, 6, 6, 7, 7, 8, 8, 9, 9, 10, 10, 11, 11, 12, 12, 13, 13, 14, 14, 15, 15, 16, 16, 17, 17, 18, 18, 19, 19, 20, 20, 21, 21, 22, 22, 23, 23, 24, 24, 25, 25, 26, 26, 0
    ]
    },
    {"segmentPoints": [
    1146, 86, 1146, 461, 1143, 831, 839, 824, 841, 461, 713, 461, 610, 462, 605, 829, 843, 826, 366, 825, 369, 457, 613, 462, 368, 457, 368, 617, 368, 935, 54, 934, 56, 819, 368, 824, 54, 819, 56, 396, 264, 395, 263, 617, 370, 617, 264, 619, 263, 257, 53, 251, 55, 400, 51, 111, 544, 106, 371, 334, 541, 336, 541, 337, 544, 334, 544, 109
    ],
    "pointOrder": [
    0, 1, 1, 2, 2, 3, 3, 4, 4, 5, 5, 6, 6, 7, 7, 8, 8, 9, 9, 10, 10, 11, 11, 12, 12, 13, 13, 14, 14, 15, 15, 16, 16, 17, 17, 18, 18, 19, 19, 20, 20, 21, 21, 22, 22, 23, 23, 24, 24, 25, 25, 26, 26, 27, 27, 28, 28, 29, 29, 30, 30, 31, 31, 32, 32, 33, 33, 0
    ]
    },
    {"segmentPoints": [
    30, 901, 29, 524, 610, 512, 609, 917
    
    ],
    "pointOrder": [
    0, 1, 1, 2, 2, 3, 3, 0
    ]
    },
    {"segmentPoints": [
    23, 753.75, 23, 971, 148, 972, 447.5, 927.5, 447.5, 639.75, 23, 652.75, 144, 929, 146, 859, 184, 929, 146, 789, 239, 790, 239, 930, 335, 927.5, 335, 787, 281, 790, 376, 785, 425, 790, 378, 786, 425, 794, 426, 791, 426, 787, 38, 764, 104, 762, 104, 851, 104, 740, 126, 736, 35, 760, 35, 710, 95, 709, 59, 675, 60, 659, 59, 676, 60, 659, 150, 740, 170, 739, 151, 742, 194, 740, 214, 739, 213, 666
    ],
    "pointOrder": [
    0, 1, 1, 2, 2, 3, 3, 4, 4, 5, 5, 0, 6, 7, 7, 8, 8, 6, 9, 10, 10, 11, 11, 9, 12, 13, 13, 14, 14, 12, 15, 16, 16, 17, 17, 18, 18, 19, 19, 20, 20, 15, 21, 22, 22, 23, 23, 24, 24, 25, 25, 21, 26, 27, 27, 28, 28, 26, 29, 30, 30, 31, 31, 32, 32, 29, 33, 34, 34, 35, 35, 33, 36, 37, 37, 38, 38, 36
    ]
    },
    {"segmentPoints": [
    68, 919, 67, 544.736, 72, 544.736, 317, 544.736, 67, 544.736, 68, 277, 317, 277, 317, 544.736, 448, 544.736, 317, 544.736, 317, 114, 69, 110, 71, 274, 67, -68, 448, -64, 448, 203, 649, 203, 645, -69, 448, -66, 1361, -69, 1361, 356, 1008, 360, 731, 356, 439, 358, 439, 788, 731, 795, 731, 357, 1010, 357, 1008, 788, 1156.4080000000001, 788, 1361, 792, 1361, 358, 1361, 795, 731, 792, 443, 792, 69, 788, 443, 788, 439, 792, 436, 919
    ],
    "pointOrder": [
    0, 1, 1, 2, 2, 3, 3, 4, 4, 5, 5, 6, 6, 7, 7, 8, 8, 9, 9, 10, 10, 11, 11, 12, 12, 13, 13, 14, 14, 15, 15, 16, 16, 17, 17, 18, 18, 19, 19, 20, 20, 21, 21, 22, 22, 23, 23, 24, 24, 25, 25, 26, 26, 27, 27, 28, 28, 29, 29, 30, 30, 31, 31, 32, 32, 33, 33, 34, 34, 35, 35, 36, 36, 37, 37, 38, 38, 0
    ]
    },
    {"segmentPoints": [
    6, 959, 246, 961, 241, 887, 751, 887, 751, 408, 506, 410, 504, 374, 163, 375, 164, 419, 7, 419, 393, 885, 239, 885, 241, 648, 393, 648, 735, 649, 738, 880, 394, 878, 392, 654, 400, 655, 546, 873, 546, 654, 554, 654, 244, 568, 356, 567, 353, 424, 240, 424, 168, 750, 168, 565, 176, 565, 228, 887, 10, 887, 10, 876, 172, 516, 14, 516, 13, 512
    ],
    "pointOrder": [
    0, 1, 1, 2, 2, 3, 3, 4, 4, 5, 5, 6, 6, 7, 7, 8, 8, 9, 9, 0, 10, 11, 11, 12, 12, 13, 13, 14, 14, 15, 15, 10, 16, 17, 17, 18, 18, 16, 19, 20, 20, 21, 21, 19, 22, 23, 23, 24, 24, 25, 25, 22, 26, 27, 27, 28, 28, 26, 29, 30, 30, 31, 31, 29, 32, 33, 33, 34, 34, 32
    ]
    },
    {"segmentPoints": [
    35, 956, 234, 956, 233, 890, 230, 760, 232, 890, 386, 890, 382, 658, 231, 659, 230, 763, 234, 894, 532, 890, 532, 659, 383, 659, 720, 659, 718, 890, 534, 892, 720, 891, 720, 428, 339, 438, 339, 576, 236, 577, 233, 435, 345, 434, 31, 437, 32, 534, 167, 533, 166, 755, 166, 622, 34, 620, 32, 530
    ],
    "pointOrder": [
    0, 1, 1, 2, 2, 3, 3, 4, 4, 5, 5, 6, 6, 7, 7, 8, 8, 9, 9, 10, 10, 11, 11, 12, 12, 13, 13, 14, 14, 15, 15, 16, 16, 17, 17, 18, 18, 19, 19, 20, 20, 21, 21, 22, 22, 23, 23, 24, 24, 25, 25, 26, 26, 27, 27, 28, 28, 29, 29, 0
    ]
    },
    {"segmentPoints": [
    28, 424, 739, 414, 735, 887, 233, 884, 234, 955, 40, 954, 38, 892
    ],
    "pointOrder": [
    0, 1, 1, 2, 2, 3, 3, 4, 4, 5, 5, 6, 6, 0
    ]
    },
    {"segmentPoints": [
    614, 512, 610, 711, 616, 907, 455, 909, 458, 706, 611, 712, 329, 710, 195, 706, 195, 905, 451, 907, 326, 909, 330, 712, 328, 914, 194, 906, 200, 965, 28, 965, 5, 966, 30, 965, 29, 902, 9, 902, 194, 904, 30, 904, 31, 675, 6, 675, 138, 675, 141, 794, 140, 641, 138, 674, 29, 675, 29, 601, 3, 599, 139, 599, 29, 602, 26, 520, 4, 516, 131, 517, 136, 482, 133, 521, 199, 516, 199, 485, 198, 516, 298, 514, 290, 639, 200, 641, 290, 635, 298, 517, 428, 520, 425, 476, 429, 519, 494, 512, 495, 481, 495, 512
    ],
    "pointOrder": [
    0, 1, 1, 2, 2, 3, 3, 4, 4, 5, 5, 6, 6, 7, 7, 8, 8, 9, 9, 10, 10, 11, 11, 12, 12, 13, 13, 14, 14, 15, 15, 16, 16, 17, 17, 18, 18, 19, 19, 20, 20, 21, 21, 22, 22, 23, 23, 24, 24, 25, 25, 26, 26, 27, 27, 28, 28, 29, 29, 30, 30, 31, 31, 32, 32, 33, 33, 34, 34, 35, 35, 36, 36, 37, 37, 38, 38, 39, 39, 40, 40, 41, 41, 42, 42, 43, 43, 44, 44, 45, 45, 46, 46, 47, 47, 48, 48, 49, 49, 50, 50, 51, 51, 0
    ]
    },
    {"segmentPoints": [
    33, 457, 330, 452, 330, 597, 233, 593, 330, 597, 333, 452, 691, 453, 689, 668, 370, 674, 225, 668, 222, 893, 699, 887, 695, 667, 513, 671, 514, 891, 372, 890, 371, 679, 226, 670, 221, 897, 225, 960, 33, 959, 32, 894, 220, 893, 30, 891, 32, 633, 163, 630, 161, 764, 161, 597, 160, 548, 34, 547, 34, 629
    ],
    "pointOrder": [
    0, 1, 1, 2, 2, 3, 3, 4, 4, 5, 5, 6, 6, 7, 7, 8, 8, 9, 9, 10, 10, 11, 11, 12, 12, 13, 13, 14, 14, 15, 15, 16, 16, 17, 17, 18, 18, 19, 19, 20, 20, 21, 21, 22, 22, 23, 23, 24, 24, 25, 25, 26, 26, 27, 27, 28, 28, 29, 29, 30, 30, 0
    ]
    },
    {"segmentPoints": [
    949, 250, 945, 554, 506, 550, 308, 545, 506, 550, 509, 860, 704, 854, 955, 857, 945, 559, 701, 554, 703, 847, 703, 859, 306, 852, 306, 679, 309, 546, 308, 940, 48, 940, 6, 941, 48, 940, 53, 847, 303, 852, 8, 847, 49, 847, 44, 496, 44, 256, 48, 379, 48, 496, 219, 497, 218, 679, 295, 679, 220, 679, 218, 381, 129, 386, 59, 377, 130, 375, 128, 255, 45, 256, 211, 255, 211, 202, 215, 256, 306, 252, 306, 202, 315, 260, 314, 447, 450, 442, 450, 257, 316, 261
    ],
    "pointOrder": [
    0, 1, 1, 2, 2, 3, 3, 4, 4, 5, 5, 6, 6, 7, 7, 8, 8, 9, 9, 10, 10, 11, 11, 12, 12, 13, 13, 14, 14, 15, 15, 16, 16, 17, 17, 18, 18, 19, 19, 20, 20, 21, 21, 22, 22, 23, 23, 24, 24, 25, 25, 26, 26, 27, 27, 28, 28, 29, 29, 30, 30, 31, 31, 32, 32, 33, 33, 34, 34, 35, 35, 36, 36, 37, 37, 38, 38, 39, 39, 40, 40, 41, 41, 42, 42, 43, 43, 44, 44, 45, 45, 46, 46, 0
    ]
    },
    ]